v2.0 raw
00
00
00
00
00
00
00
00
00
00
00
00
00
11
15
16
00
00
00
00
00
00
00
00
00
00
00
00
00
00
00
00
00
00
00
00
00
00
00
00
00
00
00
00
00
00
00
00
00
00
00
00
00
00
00
00
00
00
00
00
00
00
00
00
00
00
00
00
00
00
00
00
00
00
00
00
00
00
00
00
00
00
00
00
00
00
00
00
00
00
00
00
00
00
00
00
00
00
00
00
00
00
00
00
00
00
00
00
00
00
00
00
00
00
00
00
00
00
00
00
00
00
00
00
00
00
00
00
00
00
17
17
17
17
17
00
00
00
17
17
17
17
17
00
00
00
17
17
17
17
17
00
00
00
17
17
17
17
17
00
00
00
17
17
17
17
17
00
00
00
17
17
17
17
17
00
00
00
17
17
17
17
17
00
00
00
17
17
17
17
17
00
00
00
17
17
00
00
00
00
00
00
17
17
00
00
00
00
00
00
17
17
00
00
00
00
00
00
17
17
00
00
00
00
00
00
17
17
00
00
00
00
00
00
17
17
00
00
00
00
00
00
17
17
00
00
00
00
00
00
17
17
00
00
00
00
00
00
00
00
00
00
16
00
00
00
0b
00
00
00
00
ff
00
12
13
10
00
10
10
00
00
00
00
00
00
00
00
00
00
00
00
00
00
00
00
00
00
00
00
00
00
00
00
00
00
00
00
00
00
00
00
00
00
00
00
00
00
00
00
00
00
00
00
00
00
00
00
00
00
00
00
00
00
00
00
00
00
00
00
00
00
00
00
00
00
00
00
00
00
00
00
00
00
00
00
00
00
00
00
00
00
00
00
00
00
00
00
00
00
00
00
00
00
00
00
00
00
00
00
00
00
00
00
00
00
00
00
00
00
00
00
00
00
00
00
00
00
00
00
00
00
00
00
00
00
00
00
00
00
00
00
00
00
00
00
00
00
00
00
00
00
00
00
00
00
00
00
00
00
00
00
00
00
00
00
00
00
00
00
00
00
00
00
00
00
00
00
00
00
00
00
00
00
00
00
00
00
00
00
00
00
00
00
00
00
00
00
00
00
00
00
00
00
00
00
00
00
00
00
00
00
00
00
00
00
00
00
00
00
00
00
00
00
00
00
00
00
00
00
00
00
00
00
00
00
00
00
00
00
00
00
00
