v2.0 raw
97
97
97
97
97
97
97
97
97
97
97
97
97
9e
9f
9e
97
97
97
97
97
97
97
97
97
97
97
97
97
97
97
97
d6
d6
d6
d6
d6
d6
d6
d6
97
97
97
97
97
97
97
97
97
97
97
97
97
97
97
97
97
97
97
97
97
97
97
97
f7
f7
f7
f7
f7
f7
f7
f7
f7
f7
f7
f7
f7
f7
f7
f7
f7
f7
f7
f7
f7
f7
f7
f7
f7
f7
f7
f7
f7
f7
f7
f7
f7
f7
f7
f7
f7
f7
f7
f7
f7
f7
f7
f7
f7
f7
f7
f7
f7
f7
f7
f7
f7
f7
f7
f7
f7
f7
f7
f7
f7
f7
f7
f7
97
97
b7
b7
b7
b7
b7
97
97
97
b7
b7
b7
b7
b7
97
97
97
b7
b7
b7
b7
b7
97
97
97
b7
b7
b7
b7
b7
97
97
97
b7
b7
b7
b7
b7
97
97
97
b7
b7
b7
b7
b7
97
97
97
b7
b7
b7
b7
b7
97
97
97
b7
b7
b7
b7
b7
97
97
97
b7
b7
77
77
97
97
97
97
b7
b7
77
77
97
97
97
97
b7
b7
77
77
97
97
97
97
b7
b7
77
77
97
97
97
97
b7
b7
77
77
97
97
97
97
b7
b7
77
77
97
97
97
97
b7
b7
77
77
97
97
97
97
b7
b7
77
77
97
97
97
97
97
97
97
97
9e
97
97
97
97
97
97
97
97
96
87
9e
93
95
97
9f
9e
57
97
97
97
97
97
97
97
97
97
97
97
97
97
97
97
97
97
97
97
97
97
97
97
97
97
97
97
97
97
97
97
97
97
97
97
97
97
97
97
97
97
97
97
97
97
97
97
97
97
97
97
97
97
97
97
97
97
97
97
97
97
97
97
97
97
97
97
97
97
97
97
97
97
97
97
97
97
97
97
97
97
97
97
97
97
97
97
97
97
97
97
97
97
97
97
97
97
97
97
97
97
97
97
97
97
97
97
97
97
97
97
97
97
97
97
97
97
97
97
97
97
97
97
97
97
97
97
97
97
97
97
97
97
97
97
97
97
97
97
97
97
97
97
97
97
97
97
97
97
97
97
97
97
97
97
97
97
97
97
97
97
97
97
97
97
97
97
97
97
97
97
97
97
97
97
97
97
97
97
97
97
97
97
97
97
97
97
97
97
97
97
97
97
97
97
97
97
97
97
97
97
97
97
97
97
97
97
97
97
97
97
97
97
97
97
97
97
97
97
97
97
97
97
97
97
97
97
97
97
97
97
97
